136181
136619
135659
135662
136111
134663
137087
137402
135085
136071
135648
133319
135785
134603
133346
136533
135380
134131
133276
135347
134812
135578
185268
134145
135823
142506
134338
133235
137206
135680
135225
167451
133112
135075
133382
136618
134968
137690
138688
133043
133031
137182
134518
134237
132765
134771
136143
134714
134371
135493
135763
134680
134115
136975
135277
133994
134607
136217
135130
134859
134324
135669
135672
135538
135472
134186
133874
167035
136073
134525
131857
134002
135295
135442
134500
134398
170525
135378
134675
135492
134022
135295
135586
136718
136072
170210
134162
135342
132392
134404
134426
135016
134023
133310
165061
135664
134280
135440
136437
134535
