157894
160103
155896
157833
155524
158380
157462
156287
158444
156411
158392
221300
158471
158416
156746
159171
158794
157594
172580
156781
185368
155042
158816
156347
155774
155337
154301
158406
157410
157738
156668
156581
157104
156610
157985
154394
157734
159073
155476
157545
156122
155626
156317
154492
154681
159627
155486
155909
157952
171320
158086
155792
158199
155535
156769
157072
157028
189524
159441
158246
156353
155713
156827
156511
157687
157265
156100
157657
157202
156227
157211
156379
156677
157345
154739
156099
157005
155489
156018
175068
156711
156936
157281
156256
158872
155200
155538
158392
164157
155233
156226
156809
157735
156972
157486
155991
154986
155331
159204
157070
