108919
109889
109507
108753
109024
108071
108344
109386
109774
109903
118116
109779
109592
108640
107894
108525
110102
108326
109097
107758
111936
108197
109779
109072
110236
108710
108517
110552
110321
109615
109812
108747
109059
109364
108046
109055
110296
109018
111021
109442
110142
108750
108277
109364
108968
108029
108580
110762
108194
110107
108641
110099
108889
107960
110427
109219
110416
110363
108268
109805
108682
110131
108364
108687
109317
111723
108100
108947
109146
108609
108787
106815
108868
109340
110988
109441
109184
109400
110006
110738
107450
108140
109174
109737
108982
109253
107006
108951
108836
108225
108587
108048
109567
109472
108720
141846
109649
109889
107243
109128
