100 39.889999
200 39.890003
300 69.820001
400 79.790000
500 109.700002
600 119.680008
700 149.600003
800 169.549994
900 199.480001
1000 219.769981
1100 239.019971
1200 259.289965
1300 289.219953
1400 319.149904
1500 329.119936
1600 339.099914
1700 378.980003
1800 598.419942
1900 428.979956
2000 438.679941
2100 468.740016
2200 508.649945
2300 538.580008
2400 628.309995
2500 568.809919
2600 588.450097
2700 697.750002
2800 688.180104
2900 648.269877
3000 668.209940
3100 688.139945
3200 698.510036
3300 707.729906
3400 718.099847
3500 797.889978
3600 798.210278
3700 837.359801
3800 848.120004
3900 887.559876
4000 887.659937
4100 917.239934
4200 917.849988
4300 967.059806
4400 967.409760
4500 997.329727
4600 977.780074
4700 996.939614
4800 1027.269587
4900 1047.199741
5000 1067.139655
5100 1067.149788
5200 1107.039526
5300 1126.979440
5400 1156.909540
5500 1196.789518
5600 1236.689612
5700 1216.749400
5800 1246.649250
5900 1256.649494
6000 1256.619394
6100 1286.569536
6200 1306.509674
6300 1336.399764
6400 1366.740316
6500 1396.230012
6600 1425.850391
6700 1446.129978
6800 1446.119845
6900 1466.089934
7000 1595.729738
7100 1675.879806
7200 1525.549889
7300 1555.849910
7400 1605.679989
7500 1605.719775
7600 1645.589620
7700 1685.469896
7800 1665.549576
7900 1675.509661
8000 1705.859751
8100 1724.989563
8200 1725.359559
8300 1835.499704
8400 1805.139631
8500 1864.629686
8600 1845.449060
8700 1874.619275
8800 1904.879659
8900 1964.759529
9000 1964.729279
9100 1934.818923
9200 1984.708756
9300 2034.558654
9400 2084.789425
9500 2034.159452
9600 2054.508775
9700 2114.339322
9800 2214.099020
9900 2154.229134
10000 2144.269049
