39860
40378
41509
39488
40309
40651
40428
40237
40588
39630
40376
40196
40431
41175
40612
39919
40552
40195
40277
40653
40733
40884
39452
39910
40340
40722
41379
40253
40571
40910
40390
40685
42531
40349
40868
39802
40728
40051
40596
40480
40056
40262
40512
38928
39869
39575
42014
40688
40692
40667
40781
40484
40162
39850
41812
40942
40133
39799
40376
40270
40788
40566
41083
40292
40597
40476
41052
40404
39853
40671
40653
43132
40069
40279
40135
41259
41221
41518
40972
40535
40551
39747
41110
40280
40959
40820
39992
40529
40108
39945
40873
40304
41084
40285
41330
40444
40440
41102
39787
40660
