182406
181797
181748
183208
183042
185084
183278
183712
180305
203824
182732
183289
186815
182015
184146
181621
183072
195760
183751
185306
182691
184949
181821
183765
185168
230918
180904
180341
182246
180749
185125
181484
183008
182488
181095
184555
186186
183229
183993
181587
184204
184068
183351
183487
183371
182718
184680
181785
184141
180329
183082
181873
183884
180720
183329
182595
185900
184468
182195
183712
184691
181021
181866
181696
181197
184029
181312
182080
181636
182518
180967
181616
184510
182674
184460
182381
252592
180648
183026
182165
187269
182611
180684
182137
181774
182370
185705
181379
182263
181765
182819
181608
184757
212295
184986
182599
184064
180987
183499
183392
