228043
229185
229939
227119
231744
229341
230182
226653
227060
228644
228371
229931
226529
225198
226573
228974
226813
227474
226751
228093
228674
232649
227435
226887
228462
230543
228542
227304
228569
229350
227580
230902
225623
230339
224443
227042
230247
228444
228549
228433
227879
238275
228242
233860
224123
256256
231740
229343
228192
238588
228901
229042
228837
257350
229695
228560
227269
238284
229454
227204
229966
227315
227326
233572
229014
243658
229428
227640
232389
227099
226427
230364
227109
227853
228309
227099
229538
228571
227376
228561
227099
238719
228150
230361
226003
255051
229390
226614
228318
246230
227064
229009
227017
238347
227720
226459
228727
250072
227387
229014
