206300
203315
205252
208731
205374
209765
204934
207134
204462
205435
205941
204388
204345
208036
241136
204856
208682
205697
204293
205047
208014
207774
203933
208181
207003
204436
206151
203465
203679
205766
205377
209077
205783
205547
209211
204571
203652
204844
205152
206491
203916
206176
206396
205134
205053
205152
205668
206734
206956
206174
204450
205331
206926
204712
205554
230370
210216
206678
207368
228326
206152
204875
204656
203422
204841
205590
204311
207714
206048
202816
204154
236413
206561
204757
204181
204324
206564
205560
211328
206720
206779
205101
206483
206772
205211
206783
206055
204429
206347
204719
204606
206914
204081
206473
202432
204995
231570
202944
206700
206438
