65905
66510
65982
66061
66258
68019
66391
66133
65796
67095
66091
67495
66644
66261
66185
65723
66241
66690
66097
66324
67014
66971
66037
66073
66527
67064
65901
65753
67061
66098
83975
66408
66113
68038
66482
65872
65793
66451
67879
66586
65544
66910
66834
65471
66584
66290
67638
65575
65697
66037
65820
65938
66937
65468
67153
67070
66073
66938
65940
66882
66729
66494
65516
67495
66432
66540
65137
77596
67654
66057
65846
65763
66112
65456
65745
66372
68038
66016
67079
66781
68210
67344
67275
67261
65913
65462
66576
81717
66654
67979
66081
66945
66477
68269
65771
66214
67025
67270
66521
66621
