86534
88736
86988
86558
87290
87838
87076
89329
87348
87398
86506
94173
88316
87650
87096
87792
87418
87304
86996
86932
88270
88784
86090
86826
86135
87076
87980
86998
88133
88773
87195
86189
87431
86511
88982
88115
87739
87727
87186
88270
86987
87418
88386
86789
87460
86185
88238
87097
87356
87142
88376
86793
89567
88126
87580
86713
87382
88212
87923
88326
88119
89834
88878
86958
87345
86985
88052
86826
87905
108021
86871
86202
87800
87708
87346
87812
87228
88584
86894
88900
87819
87756
86416
87067
89702
88272
86068
87295
87017
86337
87310
86475
88076
87244
88667
87047
86559
87287
87986
88504
