100 24342.2 243.422 36967 19195 100 merge-100-100.txt
200 40528.8 405.288 43132 38928 100 merge-100-200.txt
300 66932.4 669.324 83975 65137 100 merge-100-300.txt
400 87809.2 878.092 94173 108021 100 merge-100-400.txt
500 109586 1095.86 141846 106815 100 merge-100-500.txt
600 137269 1372.69 185268 131857 100 merge-100-600.txt
700 158714 1587.14 221300 154301 100 merge-100-700.txt
800 184732 1847.32 252592 180305 100 merge-100-800.txt
900 207153 2071.53 241136 202432 100 merge-100-900.txt
1000 230291 2302.91 257350 224123 100 merge-100-1000.txt
