36967
35831
36072
36648
33733
33495
33005
33078
32766
33573
31200
31488
29754
31870
31142
31381
30875
31104
31367
28465
30325
28104
28808
28269
28643
28079
29356
28700
27603
26953
26850
26338
26717
26604
26433
26693
26362
26852
26258
26564
26726
25007
25325
25245
25138
20112
19970
19947
19800
19996
20679
20764
19937
20408
20037
20174
20031
19795
20162
20139
20434
20206
19908
19545
19853
19599
20055
19877
19957
20747
19977
20074
19674
20080
21050
19921
20140
20149
20319
20402
19195
19577
20436
20082
20173
20035
20087
19796
19508
19762
19941
19742
19502
20409
20613
20471
19206
20371
19776
19856
