604888
607572
607305
606695
606111
666611
605464
605856
629435
605788
607223
608818
607983
606121
606485
607955
605152
607899
607713
605999
607988
655959
652400
604925
603901
668410
601197
605503
607674
655550
606448
607886
606183
634980
605998
605971
633532
607246
621742
605759
608339
605229
606495
608606
606103
607890
606065
605493
602747
602869
604044
608579
608187
608365
607218
608365
608271
614811
606147
641878
608728
607474
606480
605952
608615
605617
605930
606175
608251
608385
607211
605323
605962
605397
602535
603916
603839
602080
608441
615432
605403
669129
605119
605955
606091
607801
608389
605710
607898
607965
606505
608510
608303
606579
606704
607415
606098
607179
606625
607164
