1338374
1316616
1340450
1314791
1315751
1317909
1318045
1316743
1318711
1315781
1309650
1323320
1409307
1323130
1318529
1329980
1315265
1344120
1314500
1336361
1318046
1427902
1318177
1317568
1318118
1317358
1317831
1308403
1346937
1315145
1333859
1319680
1340545
1314009
1336386
1342434
1350640
1319667
1337062
1314693
1339465
1317380
1337362
1317560
1317071
1315588
1307375
1310496
1392889
1304694
1308859
1333077
1318346
1335015
1485161
1488928
1317241
1379171
1386227
1318487
1318202
1317637
1338013
1427913
1344502
1316049
1347554
1316088
1339888
1316888
1318524
1317306
1316001
1319198
1313912
1333915
1317162
1344878
1317735
1333227
1316943
1338890
1316826
1318568
1326811
1315249
1318572
1318252
1331915
1318337
1337644
1314750
1344099
1314351
1338471
1337819
1315403
1315224
1351182
1340999
