1631526
1678051
1642833
1645713
1656783
1643363
1676720
1642898
1644249
1664203
1644041
1657888
1643594
1642217
1654232
1644466
1668467
1645414
1643613
1660175
1640136
1654655
1645120
1683452
1662196
1752218
1653968
1643582
1641824
1652674
1644414
1779446
1706958
1641850
1661005
1641376
1644408
1659891
1642660
1654158
1644054
1641693
1663552
1643030
1664431
1645215
1644170
1657762
1644379
1662932
1646112
1642528
1662782
1699095
1660640
1643132
1633691
1648442
1642985
1659922
1662326
1645235
1663046
1645184
1644993
1658668
1652149
1657458
1631518
1643773
1668849
1643055
1659876
1643895
1643545
1661987
1642835
1643426
1656136
1708925
1673726
1641393
1642281
1655708
1643500
1656106
1643472
1643785
1662041
1633680
1657340
1644709
1644103
1654235
1644918
1673636
1641926
1645098
1657963
1642397
