152114
151285
152242
152486
151044
151198
152236
151134
151213
151311
151290
151529
150826
151192
151664
151173
152139
151117
151299
150336
150397
151176
150998
164533
151101
151250
151576
152343
152378
151159
151242
151980
238324
151884
151208
151282
150949
150920
150931
151425
151030
158068
151473
151133
151121
151360
151174
151748
152500
152361
151242
151023
151085
151185
151178
151089
151165
151237
151303
159503
151515
150854
150982
152049
152253
151310
152292
151394
227502
151841
151295
151313
151137
150700
151999
152129
151818
151652
152572
152018
151469
162447
151211
151321
151890
151986
147996
148112
148989
147984
158856
148355
148498
148099
148166
147916
147734
148481
147782
158375
