816997
818075
825150
818235
817966
816113
818057
825394
816525
817079
818435
815359
825529
817515
817679
815475
818678
819058
817261
928379
837961
816702
815879
813804
811063
819149
812368
811226
818453
815535
866609
818200
817413
818545
818113
838021
814919
815957
818960
815499
847339
895414
818808
818278
815824
839168
815615
818350
837127
815423
815656
816272
816544
835178
818207
817618
816050
817844
835551
813753
811671
900612
816075
837846
818240
838457
818700
818372
834336
813399
862747
810922
810714
835320
818456
814732
815794
817308
833693
812920
810947
811518
812705
833592
945197
816646
816937
815813
835355
818677
817112
819056
814437
835187
816344
815204
817668
818308
816464
873927
