1049241
1068646
1048169
1080266
1047268
1068595
1049283
1077256
1047275
1046711
1048427
1048500
1049251
1046115
1067785
1049331
1068013
1136860
1064175
1047439
1047900
1050241
1048829
1048952
1046659
1066017
1047727
1067312
1047296
1064120
1049431
1047782
1046300
1049200
1068035
1048898
1181038
1046444
1070413
1048507
1058909
1049972
1048794
1049413
1047672
1068017
1049419
1067115
1046446
1159125
1047459
1049749
1049904
1047437
1048573
1049338
1067937
1048271
1069147
1048197
1069014
1048495
1050593
1042587
1042078
1048245
1048191
1047652
1047253
1065503
1047026
1065122
1046852
1068887
1047702
1049419
1047001
1046503
1046284
1049302
1065883
1048609
1075407
1045744
1046679
1047119
1048403
1046439
1049499
1066290
1046886
1080769
1159829
1065222
1045480
1049464
1049485
1049871
1045615
1048676
