1 0.000000
101 100.200006
201 298.999995
301 415.899977
401 698.099984
501 1012.699958
601 1225.100085
701 1609.699987
801 1930.099912
901 2708.499692
1001 2688.999847
1101 3117.999621
1201 3413.299471
1301 4215.699807
1401 4508.099705
1501 4889.999703
1601 6017.199904
1701 6186.800078
1801 6479.100138
1901 8278.200030
2001 7978.301495
2101 8281.498402
2201 9072.200954
2301 9773.898870
2401 9976.697713
2501 10572.001338
2601 10962.800682
2701 11532.797664
2801 12466.497719
2901 13264.599442
3001 13663.598895
3101 14660.297334
3201 14760.699868
3301 15259.101987
3401 16234.304011
3501 15952.299535
3601 17000.800371
3701 17810.997367
3801 19460.701942
3901 19038.796425
4001 20173.898339
4101 21409.597993
4201 20002.201200
4301 22438.791394
4401 22450.196743
4501 23061.600327
4601 25158.897042
4701 24271.695316
4801 25648.200512
4901 27276.197076
5001 26480.600238
5101 28219.604492
5201 29342.904687
5301 29560.399055
5401 30108.699203
5501 29907.903075
5601 32279.101014
5701 33707.195520
5801 34317.004681
5901 32937.106490
6001 33845.695853
6101 36911.305785
6201 40590.304136
6301 35760.203004
6401 37068.313360
6501 47220.295668
6601 42349.702120
6701 43363.201618
6801 45542.088151
6901 47390.595078
7001 46455.201507
7101 50546.294451
7201 45978.206396
7301 47321.504354
7401 46114.704013
7501 46563.407779
7601 47874.298692
7701 50283.700228
7801 50521.290302
7901 51360.404491
8001 49879.899621
8101 54925.495386
8201 53884.297609
8301 55603.909492
8401 57197.409868
8501 57494.395971
8601 57816.308737
8701 59758.895636
8801 58379.101753
8901 62602.806091
9001 61228.197813
9101 64466.905594
9201 65479.612350
9301 62721.395493
9401 63907.980919
9501 65646.010637
9601 63257.592916
9701 69107.097387
9801 65600.121021
9901 82261.705399
