276755
278228
277534
288909
276960
278415
278272
309975
278251
277032
277007
295521
277644
276686
276724
276809
276741
277377
276884
276788
276979
277141
277087
277494
277971
277264
276645
277141
276492
277185
276712
276973
276936
276428
278254
278466
277125
277384
325963
275378
278683
276729
285108
276847
276896
276843
278197
276916
277768
276513
276722
277012
277223
278196
275733
276858
278387
283959
276676
277264
304785
277969
277221
277018
276546
276732
276787
276803
276898
277892
276566
277958
277909
277305
277026
277124
277213
277643
275225
275272
275434
278405
326456
277200
278384
276911
276884
276962
290525
278486
278070
277051
315901
277038
276829
277286
292703
276337
276834
276358
