72703
71846
72070
71883
71739
71833
71705
71502
71907
71952
72019
71952
71819
72481
71900
71944
71787
71875
72206
89544
71712
71586
71944
71721
71789
71850
71625
71736
72538
72414
71752
71746
72522
71762
71931
71840
72269
71837
74838
71840
71695
72578
71801
72383
71809
71975
71599
71626
71515
71666
71773
71666
71661
72371
71818
71942
71869
71720
71879
71872
71769
72182
71913
71695
71794
71952
71775
71849
72299
71748
71679
71881
71779
72577
71900
71684
72085
71653
72570
71880
94810
71712
71952
71811
71720
71719
71648
71537
71418
71495
71496
71786
71644
71737
72070
72059
71852
71830
71656
71942
