40167
40631
40235
36585
36185
36062
32811
32955
33155
45972
29965
30064
30081
30055
45047
46178
30170
30554
30100
30058
30066
30046
30242
30001
29995
27834
27577
27823
45462
27913
27879
27718
32398
27667
27841
27544
28160
27796
26205
25849
25934
25912
25542
26117
25854
25687
25796
24189
24087
24129
23709
18941
19142
18976
19050
19086
19119
18083
18017
18047
17938
18107
18018
18000
18370
18140
18189
17923
17961
18129
17909
17979
17984
18636
18092
18067
17858
17976
18011
18039
18294
17942
17959
18053
18297
18253
18041
17933
18031
17954
17979
17906
17994
18030
18184
18313
18022
17887
18140
18150
