518873
429369
427330
427715
427394
427096
428750
426536
426221
427687
426815
429324
428144
443591
428920
427326
426951
427599
427751
428050
428111
427338
426995
428569
428984
429165
427512
428204
426947
443953
429301
428601
427110
427313
427265
427867
428395
427737
428301
474516
429532
427973
429988
427857
427784
429645
427440
427247
427892
440850
425571
424437
426474
429552
429636
429236
472617
427955
427884
429404
428232
427516
428562
427095
482153
428180
429338
428399
429177
466466
428100
429655
427966
429152
429037
429388
464327
427792
425815
425982
425413
467053
482728
426852
427848
429461
449456
429050
426778
427052
427541
428198
427533
427303
427526
428821
448600
453495
427803
427879
