63358
57150
56788
57107
56134
56986
56267
56658
51532
53095
51223
50518
50668
45826
46176
45978
45935
46905
45358
42615
42510
31719
31798
31626
31858
31643
25601
25234
25267
29319
25354
25714
25289
25390
25311
25163
25860
25341
25748
25406
25167
25263
25171
25181
25345
25461
25438
25375
25563
25078
25636
25358
25648
25429
25513
25300
25251
25454
25483
25194
25494
25653
25530
25353
25190
25424
25508
25321
25547
25644
25402
25274
25521
25388
25382
25613
25494
30237
25350
25755
25814
25321
25196
25454
25430
25243
25517
25246
25455
25405
25292
25404
25372
25498
25206
25472
25334
25442
25643
25263
