897138
891380
895104
912480
896188
927577
895853
895986
896168
896719
923529
896149
896228
896031
896008
918534
895329
896772
896147
897295
923790
896093
911916
896328
896912
895827
895377
910048
895190
895712
896439
895760
911661
895567
897000
895566
895951
896102
895424
921260
896309
895044
897372
896101
920949
895276
896078
897126
896568
895816
896826
911323
896126
896500
895835
896104
910484
896066
896434
896387
897362
896256
891213
924551
895716
895364
895609
895690
936662
896551
896834
895091
895907
922563
895716
911338
896828
895417
898174
895869
910659
896838
895569
895407
895754
911661
895252
935992
890404
895790
897033
899612
920944
895303
895932
895466
895544
917689
896629
895970
