100 31268.2 312.682 63358 25078 100 selection-100-100.txt
200 86069.5 860.695 98793 85442 100 selection-100-200.txt
300 182273 1822.73 220652 180916 100 selection-100-300.txt
400 311268 3112.68 353568 308335 100 selection-100-400.txt
500 474592 4745.92 524381 469143 100 selection-100-500.txt
600 674807 6748.07 724051 665939 100 selection-100-600.txt
700 900754 9007.54 936662 890404 100 selection-100-700.txt
800 1.16671e+06 11667.1 1292990 1157715 100 selection-100-800.txt
900 1.46339e+06 14633.9 1584268 1443959 100 selection-100-900.txt
1000 1.79431e+06 17943.1 1844571 1775334 100 selection-100-1000.txt
