181808
181917
181473
181375
181608
181697
182011
181615
181069
181814
181380
181730
181765
181021
181121
181803
181439
181122
181531
181577
181115
181600
181526
180916
181777
180923
181535
181242
181107
181603
181616
181454
193741
181514
181915
181596
181624
181286
181485
181417
181495
181412
182131
181223
181291
220652
181050
181381
181775
181834
182074
181727
181415
181641
181321
181422
181634
181548
197137
181160
181267
181729
181357
181212
181546
181724
180932
181768
181508
181717
181703
182066
190718
181252
181530
181673
181963
181973
182008
181363
181370
180977
181596
181756
181918
181363
181501
181299
181560
181128
181477
181198
181557
181342
181756
181688
181355
181427
181288
181569
