1787450
1821250
1818072
1787512
1824129
1801157
1789137
1811483
1787985
1789946
1844571
1787975
1777810
1812488
1789204
1788383
1803922
1788057
1789387
1797443
1787497
1787863
1822516
1788473
1788169
1802548
1787700
1797757
1809671
1788044
1796619
1787697
1788706
1796078
1788065
1789167
1796681
1789160
1789522
1803785
1788274
1786697
1801103
1788119
1788803
1808167
1775334
1801081
1817932
1785750
1799940
1832733
1788449
1802999
1785468
1788191
1792915
1787773
1776199
1791775
1786424
1786704
1791469
1787249
1785473
1784764
1787447
1797900
1785274
1787108
1794304
1787257
1788925
1795856
1788051
1784816
1796059
1787075
1787857
1795814
1787321
1786656
1794691
1787436
1800730
1795245
1788395
1805423
1796342
1787078
1801683
1787379
1786519
1802462
1786830
1786998
1804921
1786766
1797376
1803643
