471130
471361
470541
470433
470497
470848
524381
470375
471134
485537
471073
470976
470942
470950
470751
471017
470965
470928
471746
486704
471134
471984
470930
471533
472543
471094
471534
471603
471446
471630
471206
471811
484348
471884
471935
510561
486098
471591
471513
471343
471876
471830
471663
471551
471870
471796
471773
471526
496462
472034
470891
507001
471874
470818
471463
471475
471544
471463
471988
471959
471677
506824
471045
471487
471583
470912
469143
471965
471292
471614
471674
471139
470509
470673
505888
471830
471153
471621
471124
470928
471633
469688
470978
471224
471177
471859
471637
487222
472151
471043
502065
470840
471271
471091
471517
472221
471276
471294
470959
471148
