1160126
1160079
1158408
1158659
1159850
1159900
1157715
1159423
1160495
1159547
1187438
1159320
1174270
1159076
1182878
1159174
1173438
1160220
1185194
1158540
1174826
1159531
1183121
1162390
1160330
1158227
1159019
1160439
1159766
1159327
1160228
1158689
1158120
1160082
1159308
1160767
1160115
1175993
1165662
1181476
1158631
1175093
1160099
1184551
1159583
1174512
1160225
1184011
1161146
1176127
1160964
1181553
1160528
1159935
1160049
1159587
1159739
1159920
1159411
1160296
1161251
1160412
1160451
1159234
1174784
1158981
1188384
1159364
1174791
1159938
1184022
1159965
1174429
1159826
1184775
1160360
1172244
1159033
1158946
1159989
1160088
1159672
1160379
1159867
1158287
1159931
1160102
1159493
1158747
1176436
1172008
1181218
1158692
1175166
1157814
1184328
1292990
1173202
1159291
1184940
