309558
310114
310066
310115
309714
309907
310418
310126
309865
309967
309782
309863
310443
309623
309669
309961
310064
309687
309622
310468
327594
310335
309955
310874
310168
309463
309696
309738
309774
309437
310004
309671
310038
310157
309768
310336
310098
309518
310784
309976
310293
309826
309764
309773
309841
309273
308335
310255
310131
309683
326428
310283
309982
309180
353568
309904
309317
310653
310337
310423
309920
310609
309781
309861
309823
309633
310347
309750
309617
348514
309949
309975
309722
310469
310320
310049
309731
309678
309944
309865
311388
309991
308412
309848
310301
309875
309216
310037
328397
309821
310371
309831
309984
309856
309153
310489
310117
309669
309128
309735
