1452437
1467876
1453135
1481453
1452933
1452904
1452792
1443959
1466881
1453062
1476701
1453372
1467760
1453349
1452501
1451951
1452745
1476496
1453898
1468503
1452898
1472539
1452479
1452307
1450246
1452761
1467918
1452662
1478480
1452323
1466956
1465856
1452457
1452338
1451372
1478698
1452606
1467908
1452798
1584268
1452420
1451775
1500626
1546409
1462380
1450548
1452353
1508419
1484013
1468662
1455105
1453760
1453122
1453875
1466223
1451521
1465762
1453732
1467947
1452024
1452844
1452316
1453267
1470978
1452984
1468188
1453627
1493098
1451852
1452697
1453258
1450933
1468391
1452993
1482039
1451998
1467771
1452357
1453161
1452973
1453881
1477190
1453493
1467423
1564321
1451714
1452063
1454057
1473455
1452657
1467726
1452345
1477673
1453398
1452116
1452804
1452061
1468835
1452086
1476814
