690724
669721
669628
669518
669938
670143
677111
666998
699476
669312
669517
688233
669914
670444
669659
669378
668775
670251
687944
724051
669904
670125
669886
669998
695094
676210
669347
669857
670526
707383
669701
669167
700801
681915
686147
669609
668646
669132
669859
670165
669454
669169
669816
669243
681013
681836
669738
668995
695631
669533
669576
669546
669481
669392
669553
670255
670971
669021
669554
682901
669985
670022
712551
669635
668710
669608
670626
670753
670727
669672
670226
669837
669840
685473
681317
669328
665939
670457
669436
669481
669902
713683
669450
669558
685021
669201
666529
669319
670535
670147
669559
671062
670242
670187
670116
685599
669844
670136
696929
671213
