85868
86056
86073
85805
86055
85958
85844
85840
86284
85645
85604
85716
85838
85664
86275
86257
86024
86213
86151
86252
85487
86154
85971
85700
85898
85851
85779
86320
86085
85763
86125
85968
85814
86165
85876
86747
86379
85983
85491
85951
85442
85773
85746
85793
85957
86747
86027
85854
85897
85755
85677
85692
86239
86237
85904
85860
85890
85990
85579
85648
85633
85764
85978
85912
85974
85950
86331
85915
85973
86151
85745
86214
86174
85772
98793
85533
85857
85496
85843
85557
86016
85778
85855
85674
85770
86099
86215
86025
85974
85779
86014
86140
85762
85959
86874
86223
86034
85929
85552
86073
