100 0.000000
200 0.000000
300 999.000040
400 0.000000
500 996.000017
600 998.999923
700 1033.000066
800 1995.000057
900 1999.999862
1000 2985.999919
1100 2992.999973
1200 2991.999965
1300 4987.000022
1400 4986.000247
1500 5985.999946
1600 6942.000240
1700 6982.000079
1800 8976.000361
1900 8976.000361
2000 11006.999761
2100 11969.000101
2200 15920.000151
2300 15956.999734
2400 14957.999811
2500 16993.999481
2600 18952.000886
2700 18908.999860
2800 20976.999775
2900 22941.000760
3000 23936.999962
3100 25894.999504
3200 26925.999671
3300 28962.999582
3400 34866.999835
3500 33907.998353
3600 34906.998277
3700 36935.001612
3800 40858.998895
3900 41921.000928
4000 46840.999275
4100 53888.998926
4200 51826.998591
4300 56850.001216
4400 56880.999357
4500 58809.000999
4600 61870.001256
4700 61797.000468
4800 63864.000142
4900 67821.003497
5000 72802.998126
5100 80748.997629
5200 80783.002079
5300 81781.998277
5400 80785.997212
5500 83774.998784
5600 102724.000812
5700 96743.002534
5800 96739.999950
5900 99739.000201
6000 103715.002537
6100 127663.999796
6200 163559.004664
6300 160569.995642
6400 132644.996047
6500 140623.003244
6600 129653.006792
6700 120715.998113
6800 121674.999595
6900 123668.000102
7000 127621.993423
7100 131648.004055
7200 134636.998177
7300 137633.994222
7400 146605.998278
7500 146645.992994
7600 152556.002140
7700 154586.002231
7800 158574.998379
7900 163561.999798
8000 172538.995743
8100 236366.003752
8200 173535.004258
8300 178522.005677
8400 183512.002230
8500 187498.003244
8600 196511.998773
8700 197431.996465
8800 200501.993299
8900 205413.997173
9000 215421.006083
9100 215465.992689
9200 219371.005893
9300 224400.997162
9400 231380.000710
9500 234373.003244
9600 239361.003041
9700 243349.000812
9800 248333.007097
9900 254321.992397
10000 260302.990675
