2370426
2371904
2357520
2344567
2338666
2398028
2365130
2355118
2338546
2350124
2359099
2367790
2337976
2335154
2367413
2373531
2541251
2371267
2370100
2422417
2429347
2371716
2367944
2347927
2335179
2374742
2357383
2335779
2334831
2365951
2355044
2369799
2335431
2353857
2357546
2350947
2335367
2346857
2392952
2351172
2357042
2336799
2335525
2356143
2367270
2354749
2335551
2349201
2353757
2355869
2355568
2366533
2359602
2351817
2354909
2344454
2335895
2358070
2361027
2335155
2335798
2378996
2381236
2363898
2364090
2353810
2356159
2356175
2358079
2335192
2352520
2373272
2334813
2335826
2349989
2348067
2372657
2335304
2344933
2368960
2344840
2345965
2336208
2345366
2378350
2336092
2346110
2356795
2345010
2349301
2335639
2335387
2351979
2345883
2335978
2335574
2344639
2350583
2346046
2340724
