920272
941866
922925
958250
930221
926156
935684
920217
930284
923293
934298
927156
920437
934206
931827
955038
920268
940929
930270
934623
923574
930108
943033
920386
922082
923496
923343
940354
929981
946421
929969
926259
923141
922893
958014
920040
940923
920093
927640
923215
919972
942821
923534
922995
929339
931687
942309
935275
945216
919917
925837
922194
923910
940767
919862
923056
940962
919940
945595
919864
923345
923358
920343
920608
924268
939763
923526
922992
936471
923225
1089475
1396978
970837
920282
940262
926311
948880
929411
1009407
921884
923519
930008
928696
945615
925520
948102
930254
932297
920217
923264
925896
931954
953794
922893
920298
920464
920186
934032
920087
937856
