1394447
1394774
1394883
1415906
1399977
1439503
1394630
1420448
1399167
1402615
1397257
1398358
1424934
1394147
1414181
1393879
1418288
1405592
1398253
1395282
1394660
1397979
1401883
1420061
1399202
1417559
1394247
1416490
1392138
1401372
1398350
1395097
1415174
1393748
1417032
1397784
1411731
1393872
1394500
1400952
1394355
1402260
1396974
1413270
1395244
1416460
1399045
1413598
1393867
1415716
1394052
1412044
1397060
1390911
1403004
1395355
1416613
1395141
1417584
1393783
1413052
1394522
1423665
1394565
1412619
1395944
1397926
1400402
1394240
1394974
1394491
1542033
1395271
1409243
1396171
1417104
1394937
1403890
1427142
1394390
1393817
1399458
1395562
1400084
1408525
1394158
1421268
1394207
1409542
1395477
1394916
1398835
1394720
1394073
1399345
1426612
1394338
1452887
1393399
1416779
