341577
336329
336780
338001
336402
346811
339335
336465
336691
340700
338064
336665
337844
336512
336220
336432
336515
336810
337869
339527
346984
336662
338136
336712
339905
337009
336397
336611
336260
342182
339637
336593
340254
336581
336328
346208
336332
339260
336552
342137
340044
336510
336626
336546
344180
339811
364794
336529
336573
342020
347220
336399
336651
336685
336855
336587
341901
339356
341615
339748
339300
360972
336974
344460
339988
352958
339439
336853
336560
336627
336385
336523
336533
336535
336657
336714
360202
340113
336471
336363
339588
336591
336445
338668
336453
336755
336626
347174
339211
336367
339636
336530
336937
351065
336197
339468
336309
336441
338231
337128
