77169
77822
69321
69532
69172
69144
69377
61976
92395
62149
62071
65860
62491
62447
62096
62042
56575
56346
56411
56818
51472
52660
52102
38858
64167
38684
38898
31041
31100
31361
31058
30994
30832
31064
30994
31149
30833
30841
30833
30977
31192
31008
31151
31042
31223
31113
31167
30930
30949
31060
30892
30990
31059
31077
31117
30980
30768
30983
31062
31115
31082
31129
31035
31149
31121
31198
31131
31021
31309
31010
31223
30913
31347
31334
31061
31321
31142
31474
31145
31175
31138
31116
31248
31082
31104
31150
31203
31049
31085
31202
31236
31087
31314
31065
30976
31081
31239
31070
31120
31151
