2968559
2964738
2961271
2990685
2962348
2963597
2961525
2969520
2966590
2953480
2949250
2979544
2969319
2959132
2975294
2959754
2963807
2975279
2971550
2972029
2962785
2961832
2965131
2966150
2966500
2951648
2952249
2966461
2971120
2982563
2982784
2968152
2972560
2982170
2969436
2964831
2970832
2949555
2948781
2949351
2951125
2963106
2971474
2962506
2987565
2968902
2971781
2976714
2986642
2977854
2971579
2962132
2949482
2949128
2949286
2976745
2974064
2962202
2970535
2967672
2976289
2969419
2968829
2972571
2967228
2949704
2979749
2948772
2949263
2962301
2986565
2962241
2971391
2966094
2987676
2979581
2969322
2974010
2989319
2970889
2949336
2965833
2951353
2978026
2977707
2977509
2965918
2968943
3809051
3352806
3000213
3087681
2968377
3013661
2972412
2986152
2968297
2963597
2981653
3022705
