3639821
3651080
3679775
3654107
3675113
3658241
3703120
3652867
3673508
3633428
3651763
3678712
3649755
3659433
3667644
3700393
3653329
3653441
3634227
3659677
3670821
3654715
3673882
3651084
3658193
3650468
3664464
3649941
3653604
3671324
3663306
3697061
3653239
3676488
3651370
3658876
3650083
3655606
3671143
3661930
3655357
3656581
3659003
3655352
3657174
3649313
3653968
3677907
3637843
3661761
3664741
3649241
3674904
3653379
3662536
3655548
3669479
3665315
3658750
3657893
3672061
3683456
3679983
3671387
3668182
3654306
3649377
3635500
3659730
3716312
4848873
3672779
3661328
3637603
3650803
3656445
3653800
3653656
3669503
3667695
3659541
3710368
3638119
3660566
3738737
3649823
3682249
3651916
3654472
3652485
3672335
3652812
3653832
3670236
3655667
3681387
3649606
3670203
3658251
3635557
