592918
595867
593801
595655
595817
592462
592671
592684
598438
595567
596279
595328
602292
599157
595580
595676
592836
595368
595602
599396
595734
600687
592548
592516
596305
595534
595384
594563
595758
595792
592251
592354
596509
595847
593983
592632
592496
592342
594552
596183
592567
603608
597966
600442
592609
598462
595611
592712
592621
592419
592504
599633
592484
592788
592434
592587
593186
595743
593678
598394
592416
598548
592454
595464
592601
607749
592815
592404
592506
593256
592653
598574
594864
604729
594556
610488
605279
592650
598836
592639
595416
592626
592652
592958
593066
595533
606138
595284
601333
625182
592362
592329
613435
595677
601339
626826
595528
592404
617669
595741
