119820
120400
119730
120170
121123
119790
120040
120049
119921
120041
119652
119922
120319
119901
119931
119836
147116
120386
119802
119579
119687
119950
123494
119916
119978
120767
119722
120083
119961
120248
119777
119926
120186
119794
121532
119959
119628
120935
119882
119858
119651
119763
120121
121543
119735
119972
119832
119828
119790
119775
119953
119803
119741
119396
119499
120265
119667
119821
120195
120148
119842
119846
120790
119796
121466
119685
119633
119889
120156
123119
119869
119742
119842
120682
120169
119772
119625
119994
119972
119899
120020
119808
120190
120006
120113
135313
120171
120372
119605
119756
119652
120174
120457
119930
119829
119643
119792
119914
119841
119918
