1152406
1072393
1029986
1049076
1030202
1027622
1028981
1027063
1026907
1030455
1066983
1030347
1056377
1027148
1026702
1029181
1030034
1034759
1025655
1049032
1033699
1150421
1029272
1035382
1030345
1027086
1029970
1030371
1029249
1031639
1050205
1026672
1048436
1057407
1043333
1029456
1034151
1026468
1028865
1029236
1026842
1047300
1029500
1049665
1030734
1026245
1030480
1029642
1028920
1032988
1049468
1029187
1050011
1031447
1027198
1028069
1032508
1042334
1029777
1048953
1029644
1050668
1026900
1030204
1029503
1034785
1049169
1034379
1049049
1026210
1054569
1026525
1029632
1027119
1029721
1049942
1026954
1055405
1030011
1050121
1030016
1029634
1035345
1030072
1119931
1029738
1049962
1030718
1049230
1033021
1029475
1034851
1034595
1033334
1027050
1052966
1026505
1049743
1029348
1033526
