100 48519.1 485.191 95003 102020 100 quickTW-100-100.txt
200 153198 1531.98 204986 151603 100 quickTW-100-200.txt
300 339334 3393.34 364794 336197 100 quickTW-100-300.txt
400 596588 5965.88 626826 592251 100 quickTW-100-400.txt
500 937348 9373.48 970837 1009407 100 quickTW-100-500.txt
600 1.33808e+06 13380.8 1578588 1318704 100 quickTW-100-600.txt
700 1.80584e+06 18058.4 1840340 1789842 100 quickTW-100-700.txt
800 2.35637e+06 23563.7 2541251 2334813 100 quickTW-100-800.txt
900 2.98255e+06 29825.5 3809051 2948772 100 quickTW-100-900.txt
1000 3.67404e+06 36740.4 4848873 3633428 100 quickTW-100-1000.txt
