100 14013 140.13 30356 10072 100 quickTA-100-100.txt
200 24815 248.15 82751 23483 100 quickTA-100-200.txt
300 36837.9 368.379 39175 34707 100 quickTA-100-300.txt
400 53866 538.66 90927 51563 100 quickTA-100-400.txt
500 69670 696.7 87628 105983 100 quickTA-100-500.txt
600 85131.1 851.311 86628 156014 100 quickTA-100-600.txt
700 100558 1005.58 99972 100222 100 quickTA-100-700.txt
800 116837 1168.37 157225 108402 100 quickTA-100-800.txt
900 126930 1269.3 138549 125206 100 quickTA-100-900.txt
1000 142980 1429.8 165562 140917 100 quickTA-100-1000.txt
