100 5725.2 57.252 9431 12226 100 quickTB-100-100.txt
200 8360.14 83.6014 9410 7827 100 quickTB-100-200.txt
300 12254.3 122.543 13172 11872 100 quickTB-100-300.txt
400 17197.6 171.976 23048 16555 100 quickTB-100-400.txt
500 19804.8 198.048 66612 18918 100 quickTB-100-500.txt
600 25469.6 254.696 28358 24685 100 quickTB-100-600.txt
700 32420.3 324.203 67392 30841 100 quickTB-100-700.txt
800 36613.6 366.136 37428 108698 100 quickTB-100-800.txt
900 39157.7 391.577 49176 38483 100 quickTB-100-900.txt
1000 41284.4 412.844 49294 40598 100 quickTB-100-1000.txt
