100 0.000000
200 0.000000
300 0.000000
400 0.000000
500 0.000000
600 0.000000
700 0.000000
800 0.000000
900 0.000000
1000 0.000000
1100 0.000000
1200 0.000000
1300 0.000000
1400 0.000000
1500 0.000000
1600 0.000000
1700 0.000000
1800 0.000000
1900 0.000000
2000 0.000000
2100 0.000000
2200 0.000000
2300 0.000000
2400 0.000000
2500 0.000000
2600 0.000000
2700 0.000000
2800 995.999901
2900 0.000000
3000 0.000000
3100 0.000000
3200 0.000000
3300 0.000000
3400 0.000000
3500 0.000000
3600 0.000000
3700 0.000000
3800 0.000000
3900 0.000000
4000 0.000000
4100 0.000000
4200 1027.000020
4300 0.000000
4400 0.000000
4500 0.000000
4600 0.000000
4700 0.000000
4800 0.000000
4900 0.000000
5000 997.000025
5100 0.000000
5200 0.000000
5300 0.000000
5400 996.000017
5500 0.000000
5600 0.000000
5700 0.000000
5800 996.999908
5900 996.999908
6000 996.999908
6100 0.000000
6200 998.000032
6300 997.000025
6400 962.999999
6500 0.000000
6600 999.000040
6700 0.000000
6800 998.000032
6900 998.000032
7000 0.000000
7100 0.000000
7200 0.000000
7300 998.000032
7400 0.000000
7500 997.000025
7600 0.000000
7700 998.000032
7800 963.999890
7900 1000.000047
8000 0.000000
8100 0.000000
8200 995.000009
8300 996.000017
8400 0.000000
8500 0.000000
8600 0.000000
8700 0.000000
8800 0.000000
8900 0.000000
9000 0.000000
9100 0.000000
9200 998.000032
9300 0.000000
9400 1033.999957
9500 0.000000
9600 0.000000
9700 999.999931
9800 1030.999934
9900 0.000000
10000 0.000000
