100 1577.36 15.7736 2903 1244 100 insertionTB-100-100.txt
200 2420.34 24.2034 2822 2342 100 insertionTB-100-200.txt
300 3530.57 35.3057 4944 3430 100 insertionTB-100-300.txt
400 4646.61 46.4661 7374 4483 100 insertionTB-100-400.txt
500 5735.5 57.355 7607 5597 100 insertionTB-100-500.txt
600 6873.25 68.7325 9700 11098 100 insertionTB-100-600.txt
700 7910.64 79.1064 8422 7735 100 insertionTB-100-700.txt
800 9052.1 90.521 9607 8901 100 insertionTB-100-800.txt
900 10108.5 101.085 9998 10010 100 insertionTB-100-900.txt
1000 11222.6 112.226 13584 11047 100 insertionTB-100-1000.txt
