100 24611.5 246.115 46178 17858 100 insertionTA-100-100.txt
200 72316.9 723.169 94810 71418 100 insertionTA-100-200.txt
300 153222 1532.22 238324 147734 100 insertionTA-100-300.txt
400 279860 2798.6 326456 275225 100 insertionTA-100-400.txt
500 433113 4331.13 518873 424437 100 insertionTA-100-500.txt
600 611243 6112.43 669129 601197 100 insertionTA-100-600.txt
700 825228 8252.28 945197 810714 100 insertionTA-100-700.txt
800 1.05776e+06 10577.6 1181038 1042078 100 insertionTA-100-800.txt
900 1.33227e+06 13322.7 1488928 1304694 100 insertionTA-100-900.txt
1000 1.65466e+06 16546.6 1779446 1631518 100 insertionTA-100-1000.txt
