100 31279.2 312.792 58315 22867 100 insertionTW-100-100.txt
200 89346.6 893.466 89570 140001 100 insertionTW-100-200.txt
300 199442 1994.42 244508 196556 100 insertionTW-100-300.txt
400 353027 3530.27 412807 348962 100 insertionTW-100-400.txt
500 550545 5505.45 602654 541736 100 insertionTW-100-500.txt
600 795936 7959.36 954535 776912 100 insertionTW-100-600.txt
700 1.07732e+06 10773.2 1258462 1057027 100 insertionTW-100-700.txt
800 1.44287e+06 14428.7 2479454 1380501 100 insertionTW-100-800.txt
900 1.78754e+06 17875.4 2121054 1746733 100 insertionTW-100-900.txt
1000 2.2123e+06 22123 2890361 2155532 100 insertionTW-100-1000.txt
