51058
51770
51754
51833
53074
51123
51381
51627
52286
51588
52109
51395
51573
51805
52330
53205
52539
51172
51065
59468
51373
52323
50974
52346
51563
51463
51424
52551
51697
51959
51782
51704
51771
51598
61449
52296
52037
52316
52192
52337
50952
51441
52236
51179
52042
51972
51653
51047
52050
51624
50739
52352
49739
50804
51535
52641
52231
51510
52578
51811
52182
52031
52435
51672
52130
52002
51675
51900
51064
52164
51804
49436
51997
51052
51662
50627
51541
52095
51903
51987
51057
51730
51352
51462
51331
51811
51627
51751
51737
52069
52328
51408
53218
52419
51672
52115
51246
51896
51743
51867
