36513
37119
36403
36726
37110
36886
36716
36307
34707
37194
36545
36358
36941
36999
36802
37062
36564
36800
37119
37253
37028
36829
36402
36862
36522
36856
36530
36953
36727
36447
36952
37195
35725
37147
36272
37642
36871
36508
37812
36611
36675
37209
36275
36784
38240
36666
36910
36473
37174
36892
37047
36834
36154
37850
36336
36662
36929
37164
36870
36890
36542
36779
36912
37735
36968
35984
36959
36880
36695
37204
37512
36745
36797
37020
37036
36656
36355
36786
36743
36891
36268
36745
37003
36643
36529
36830
38057
37328
36969
36772
36763
37093
39175
36932
36598
36956
36654
36496
36550
36180
