96285
96559
96948
95506
95632
96907
92827
97021
95397
96731
95161
97389
105087
95680
96037
95889
96479
95872
97317
96630
96551
95546
96929
96192
96172
95781
96554
95670
96716
96558
96357
130007
96645
96830
95753
96630
96365
95887
96332
96036
96579
96318
96698
96690
96970
95884
96519
96206
97750
95830
141773
96611
98711
96260
95845
96705
96390
107573
104778
96271
95250
96178
95575
95626
95972
95864
96834
95971
96727
96459
97010
114758
95976
95630
96001
95204
96614
96165
95771
96005
96621
96559
95039
95679
96055
96161
96007
95352
96332
97675
95997
96116
96674
95960
97410
95935
96064
95638
96630
96025
