84815
84174
84909
84592
84252
83481
85096
86101
84439
86316
83836
83203
83524
85005
86628
83469
85025
84555
85184
85124
85117
83804
84557
83371
83490
156014
84268
84840
84460
83738
85120
84591
84789
83740
84654
83296
84839
84468
84383
84513
84273
84779
84630
84139
84084
83874
84385
84234
83900
84800
83680
84027
84299
84173
84066
83435
84523
83818
84541
84473
84237
84283
84228
85160
85045
85641
84484
84960
84927
84802
84351
83985
84818
85192
85163
83815
84463
83861
84561
83587
83845
84629
84920
84217
84594
83336
84202
84547
83718
84120
83921
84508
84688
84499
83593
83884
85167
83976
84146
85126
