126271
127672
125760
128144
126503
126769
128415
126065
126766
126791
125905
126757
126917
126698
125927
127106
126288
126762
127889
126323
127395
126536
127976
127387
127877
125461
126907
125206
127342
126991
128367
125790
125911
125888
126523
127996
127049
127059
126775
126519
126044
126563
127359
128922
126924
126872
125619
125333
126383
126956
125848
126706
127528
126398
126303
125782
125850
125712
126620
125800
127716
126023
126990
125960
126874
126463
126186
127153
126733
126494
126514
126145
127958
125638
127755
127164
127020
127209
138549
126640
126176
127195
126337
126444
129304
125688
127469
126104
127129
127431
128166
127107
127508
127934
127011
126616
128314
127482
126693
127480
