11214
11381
11360
11277
10312
10647
12365
12145
12338
12173
12307
11961
13262
12441
12470
12824
12390
12235
13934
12414
14157
12104
11616
12125
12596
11887
12031
11959
12143
12212
12658
12525
12475
12437
12258
12322
12548
12109
12443
12764
12993
12253
10531
10478
10310
10659
10585
10387
10402
10485
10436
10646
10817
10246
10134
10448
10505
10175
10763
10423
10573
10564
10454
10665
10542
10325
10401
10504
10612
10654
10169
10604
10649
10232
10418
10268
10491
10250
10265
10715
10456
10634
10352
10675
10461
10797
10543
10096
10529
10558
10603
10361
10587
10373
10524
10317
10317
10640
10547
10266
