114632
114286
114722
116047
113890
115284
114563
113874
113307
113588
115315
114556
113865
115691
114361
113779
115358
114209
115484
148177
113708
113678
113532
114101
114892
115013
114703
115137
165167
114744
113849
114898
114028
114647
114691
114338
113745
114254
114921
114439
114992
114586
112852
114660
114562
114798
126936
114597
113420
114016
113329
114616
113947
114601
115007
114074
115170
113114
113736
115723
113829
113364
114158
114635
114214
114899
114484
114504
114200
114765
116008
114005
114759
114369
113844
114895
114552
114692
114149
114007
114393
114724
114745
115800
115457
114227
114735
114145
114255
114313
113543
114866
148893
114261
114245
113428
114661
114815
114932
114835
