23790
23835
23204
23603
23189
23644
23302
23388
23257
23679
23126
23526
23463
23543
23613
23551
22949
22975
22775
22760
23884
23466
23509
23346
23401
23190
23226
23483
22765
23505
22877
23618
23633
23477
23211
23221
23403
23700
23672
23369
23269
23508
22955
23126
23213
23488
23490
23340
23343
23076
23009
23035
22890
22706
23443
23631
23400
23361
22479
23091
22955
23112
23221
23216
23672
23017
23358
23273
23332
23771
23304
23722
23579
24087
23600
22956
23444
22783
23542
23642
23377
23175
22843
23101
23624
23009
23340
23379
23618
22602
23602
23850
23678
23763
23803
23305
22986
23375
23919
22866
