143971
144836
144263
144519
143385
146121
144312
144324
146933
144313
144313
146084
143521
178702
143461
145093
142997
143737
143976
145346
144185
144404
144577
143578
143895
146755
142956
144294
144399
144033
143544
143769
145913
144054
145086
144302
143408
143780
144857
144612
143019
143452
145008
175871
143283
143155
143207
144713
143919
144083
143659
144166
143156
143602
143895
144666
144718
145418
143497
144169
144329
144637
143937
143474
145065
174687
143931
144727
144147
144579
144075
144747
142491
144040
144022
143736
143301
144117
142589
145073
144891
144506
145527
143668
144782
144807
144260
156326
144293
144644
143818
143262
143972
144220
144832
143752
144222
145978
143792
144656
