100 9.980000
200 39.890003
300 89.750011
400 149.590010
500 219.409987
600 309.159942
700 408.919975
800 528.599992
900 648.280010
1000 807.849839
1100 1027.269736
1200 1226.709709
1300 1436.150670
1400 1655.591875
1500 1914.872676
1600 2184.153050
1700 2473.384589
1800 2762.624025
1900 3092.084527
2000 3450.783789
2100 3850.053549
2200 4248.654544
2300 4667.884707
2400 5116.713643
2500 5605.402589
2600 6133.641005
2700 6672.185063
2800 7211.077809
2900 7779.578567
3000 8387.908936
3100 9016.260505
3200 9674.481153
3300 10352.662802
3400 11080.362797
3500 11828.364134
3600 12576.313019
3700 13364.182711
3800 14181.987047
3900 15039.670467
4000 15937.645435
4100 16865.156889
4200 17822.239399
4300 18809.571266
4400 19837.150574
4500 20884.399414
4600 21981.124878
4700 23058.257103
4800 24175.305367
4900 25312.294960
5000 26499.512196
5100 27715.902328
5200 28952.641487
5300 30219.292641
5400 31665.453911
5500 33051.793575
5600 34438.114166
5700 35894.224644
5800 37360.305786
5900 38856.310844
6000 40372.323990
6100 41978.092194
6200 43583.884239
6300 45229.568481
6400 46905.174255
6500 48640.589714
6600 50405.950546
6700 52211.213112
6800 54056.391716
6900 55961.380005
7000 57886.724472
7100 59861.135483
7200 61875.848770
7300 63940.787315
7400 66034.898758
7500 68179.268837
7600 70363.535881
7700 72587.676048
7800 74861.721992
7900 77175.650597
8000 79539.446831
8100 81942.968369
8200 84456.138611
8300 86969.299316
8400 89502.391815
8500 92105.264664
8600 94757.986069
8700 97470.951080
8800 100213.060379
8900 102995.367050
9000 105827.531815
9100 108709.554672
9200 111641.445160
9300 114623.165131
9400 117664.728165
9500 120746.212006
9600 123887.596130
9700 127088.804245
9800 130319.957733
9900 133730.716705
10000 137111.577988
