70520
68222
69046
68946
69460
67969
68744
68785
68492
69094
68992
68574
69473
68700
68715
68462
69175
69392
68531
87628
69419
68875
69465
68613
68300
69878
69237
68720
68557
68111
67872
68827
68831
68591
69355
68576
68726
68803
69329
68817
68384
69210
68392
68401
68187
68710
69011
68372
105983
69003
68880
68503
68149
67897
69138
69329
68555
68814
69172
68618
69355
68521
68828
69145
68883
68938
68602
68534
69527
68253
68947
69070
68567
68583
68725
69099
68714
68375
69172
71190
69266
68330
85474
68341
68301
69425
68592
68382
68801
67150
67448
68118
83015
68932
68531
69151
68660
68783
69493
69250
