100 11214.9 112.149 14157 10096 100 quickTA-100-100.txt
200 23337.8 233.378 24087 22479 100 quickTA-100-200.txt
300 38078.9 380.789 69119 35183 100 quickTA-100-300.txt
400 51926.4 519.264 61449 49436 100 quickTA-100-400.txt
500 66399.8 663.998 67157 118146 100 quickTA-100-500.txt
600 82410.8 824.108 83526 121596 100 quickTA-100-600.txt
700 97507.4 975.074 98711 104778 100 quickTA-100-700.txt
800 115758 1157.58 165167 112852 100 quickTA-100-800.txt
900 127499 1274.99 131125 125575 100 quickTA-100-900.txt
1000 145332 1453.32 178702 142491 100 quickTA-100-1000.txt
