100 0.000000
200 0.000000
300 0.000000
400 959.999976
500 1033.999957
600 960.000092
700 2033.999888
800 1994.000049
900 1995.000057
1000 2991.999965
1100 3988.000099
1200 4987.999797
1300 4986.000247
1400 6992.000155
1500 6969.999988
1600 7977.999747
1700 9974.000044
1800 9974.000044
1900 10970.000178
2000 16916.999593
2100 15955.999494
2200 16992.000863
2300 17949.000001
2400 20943.999290
2500 22907.000035
2600 72802.998126
2700 44881.001115
2800 52859.000862
2900 82778.997719
3000 30917.000026
3100 35902.999341
3200 42886.000127
3300 50863.999873
3400 47871.999443
3500 44881.999493
3600 47869.998962
3700 50863.001496
3800 51860.000938
3900 52891.999483
4000 59808.999300
4100 64855.001867
4200 68787.999451
4300 67853.003740
4400 70805.996656
4500 72806.000710
4600 73771.998286
4700 92749.997973
4800 85771.001875
4900 84810.003638
5000 86728.997529
5100 88762.000203
5200 102725.997567
5300 106715.001166
5400 165556.997061
5500 155582.994223
5600 117684.997618
5700 137638.002634
5800 133640.006185
5900 113732.002676
6000 116650.000215
6100 126698.002219
6200 123629.003763
6300 128695.994616
6400 131647.005677
6500 134602.993727
6600 139626.994729
6700 143650.993705
6800 150558.993220
6900 152618.005872
7000 156556.993723
7100 163604.006171
7200 165518.000722
7300 171541.005373
7400 175567.999482
7500 181474.998593
7600 184544.995427
7700 188494.995236
7800 199466.004968
7900 201423.004270
8000 210475.996137
8100 209438.994527
8200 230344.995856
8300 220449.998975
8400 224399.998784
8500 231380.000710
8600 237365.007401
8700 242351.993918
8800 246341.004968
8900 252285.003662
9000 259348.005056
9100 263296.008110
9200 270274.013281
9300 276223.987341
9400 283280.998468
9500 289187.014103
9600 294250.011444
9700 302197.992802
9800 311163.991690
9900 319146.007299
10000 319106.012583
