2344127
2335905
2408987
2377313
2341745
2372943
2359110
2357411
2359035
2362623
2335222
2366834
2354107
2774302
2335481
2356367
2360974
2359568
2827771
2375987
2336407
2415695
2429787
2356728
2365588
2336345
2340277
2342021
2357490
2354996
2349682
2346178
2362716
2359481
2358196
2339821
2358680
2374181
2362232
2359691
2338409
2335393
2397204
2357495
2375136
2338034
2364446
2361971
2351906
2344881
2334894
2349123
2364120
2334916
2352192
2356208
2352463
2368373
2334869
2341159
2411085
2352025
2336056
2343454
2356729
2353204
2367087
2373803
2351663
2345847
2349187
2335223
2335587
2350638
2356856
2362061
2359563
2345995
2351882
2379799
2346411
2335812
2349408
2350873
2373684
2335417
2335255
2392806
2364677
2335873
2345001
2354373
2352092
2365963
2335317
2351539
2364884
2365149
2335987
2342353
