41228
41262
41121
41082
41290
41181
41036
41173
41263
41313
41147
41069
41085
41021
41123
41288
41188
41132
41277
40978
41310
41224
41051
41293
41191
41103
41369
41035
42896
41273
40912
41284
41162
41494
41220
41253
40978
41172
41155
41274
41037
40598
41129
41154
41222
41027
41034
41315
41311
41102
42793
40909
41099
41195
41197
41175
41258
41195
40942
41114
41176
41153
41216
41049
41109
41219
49294
40975
41109
40867
41104
40971
41020
41093
40873
41438
41013
41295
41157
41060
41029
41081
40863
42565
41090
41143
41254
41218
41133
41237
41240
41425
41066
42661
41050
40972
41259
40935
41337
40982
