637951
592699
592594
616576
603480
592851
656770
604952
592998
611925
592534
592843
631710
592617
592687
619472
592538
592527
618141
592650
595853
622303
592505
595169
626246
592783
595688
611171
593667
592507
623614
598353
594845
615081
595426
592617
611518
595611
592159
633070
592740
593191
613229
595638
592724
622412
592263
594733
615147
596255
595448
635657
595480
595520
615816
595438
592645
607895
593120
592682
607845
592536
592609
622943
596689
592599
612908
592752
596382
629662
602334
592647
613240
592672
601803
626866
593512
592608
620479
592612
592422
628296
592288
592438
608874
596577
592798
628146
603772
592363
611064
592260
594682
623301
596078
592759
610575
595716
595337
624221
