1320315
1404226
1319262
1329048
1322458
1322588
1334977
1319572
1349834
1324259
1358879
1330021
1348924
1322499
1344393
1321889
1345433
1322385
1351871
1332266
1355414
1324812
1323518
1322992
1322757
1321900
1321871
1320133
1321917
1321118
1322346
1352433
1319321
1339289
1322322
1343289
1327166
1342067
1322492
1339888
1322373
1387894
1318911
1342932
1322147
1322085
1322027
1322809
1322339
1321819
1320118
1319060
1322395
1321840
1323292
1322499
1342637
1333178
1343503
1335236
1343408
1334071
1341708
1332542
1339213
1322744
1345153
1332534
1342875
1329065
1322562
1322012
1322448
1319394
1322557
1326058
1325181
1322162
1328505
1340633
1322521
1342761
1322930
1350794
1331026
1342293
1319967
1345801
1319593
1342465
1367472
1344198
1319552
1342603
1319660
1344506
1322373
1353594
1323273
1319135
