151865
152030
152085
151874
152548
152207
151737
152114
151777
160635
153091
151790
154684
151961
152024
151964
152610
152812
151987
152029
152384
151934
151690
175216
154850
151795
155102
152511
152383
151731
153060
151781
169968
152364
152042
151715
154417
152540
151917
151751
151806
152181
152114
151788
151862
151796
152080
152015
152129
151858
152940
151959
151952
151806
151826
151878
151801
151755
151678
155476
154457
152032
151888
151948
152056
151759
151833
151867
151836
152049
151679
153034
155754
169501
152273
154616
151660
151883
151937
151789
151759
151972
170462
152101
152074
155172
151964
153762
152070
151985
155544
151973
152083
152200
152035
152091
152002
151778
157266
158956
