12287
12345
12101
12088
12272
12417
12550
12253
12125
12297
12288
12475
12370
12191
12424
12297
12277
12259
12001
12176
12328
12167
12424
12125
12109
12274
12191
12009
12043
12283
12099
13172
12131
12209
12067
12228
12414
12128
12473
12346
11946
12249
12074
12247
12389
12193
12096
12565
12037
12528
12122
12222
12474
12186
12324
12317
12208
12960
12174
12056
12198
12992
12376
12221
12150
12093
12333
12120
12191
12295
12256
12311
12093
12474
12079
12086
12104
12393
11872
12250
12116
12199
12075
12122
12453
12236
12310
12196
12340
12260
12220
12333
12053
12164
12389
12222
12210
12273
12010
12286
