1796691
1804009
1831236
1802708
1793206
1820902
1792992
1827744
1812856
1804378
1814269
1793292
1796955
1811560
1799748
1802106
1802045
1793302
1803092
1820236
1789957
1803709
1793229
1798585
1817537
1794010
1790238
1811088
1790752
1793501
1803528
1793827
1816193
1809791
1795030
1817930
1796039
1792966
1820497
1793618
1801362
1808301
1793237
1813107
1794662
1806507
1811967
1794050
1793050
1804032
1792826
1810592
1802704
1794011
1825023
1792586
1793172
1805803
1792978
1793403
1824075
1793180
1812165
1828570
1802290
1821566
1796119
1793517
1859915
1789968
1793561
1803367
1793408
1793314
1800896
1793572
1809317
1809546
1793335
1809577
1793442
1789964
1813351
1798314
1792493
1811491
1794256
1817297
1810494
1799820
1808495
1792986
1793417
1814039
1793268
1793647
1819276
1793039
1802548
1815084
