38748
40163
39103
38690
38820
38560
38842
39177
38912
39044
40449
38747
38843
38635
39025
38624
38907
39939
38837
38497
38888
39030
39068
40483
38968
38837
38990
38838
39272
38834
38712
38989
38764
38824
38843
38742
38735
38669
38846
38644
39215
38881
38598
38841
38765
38600
38789
40249
38587
38736
38961
39005
38974
40237
39001
38773
38652
39027
39470
38683
39948
39142
38859
38864
38879
38753
40186
38808
40256
38928
38697
38942
39968
38677
39038
38957
38646
38602
38711
49176
39018
38915
40140
38817
38953
39099
40197
38678
38587
38711
38759
38483
38805
38906
38824
38750
42714
40114
38567
39109
