19391
19373
19405
19483
19138
66612
19382
19073
19107
19256
19507
19309
19118
19379
19135
19193
19267
19249
19229
19247
19156
19050
19504
20596
19396
19344
19075
19167
19299
19029
19523
19207
19118
18967
19253
19137
19275
19302
19071
19197
20647
19331
19350
19257
19386
19302
19196
19560
19281
19072
19359
19307
19257
19101
19345
19103
19300
20492
19194
18985
19345
19319
19201
19197
19236
19433
19180
19301
19252
19130
19271
19570
21041
18918
19327
19116
19257
19591
19184
19229
19369
20750
19216
19236
19314
19381
19326
19142
19298
19164
19149
19304
19395
19194
19211
19147
19242
19355
19468
19373
