52256
45509
45275
45509
45433
45390
45444
45452
45417
45777
45867
91417
45499
45439
45729
45648
45758
45587
45667
61934
45649
45788
45821
45447
73119
48304
45850
45531
45394
45399
45774
47610
45696
45619
38899
42159
40932
60723
39559
38585
38821
38831
38752
38808
38882
39902
38640
38641
38651
38638
38905
38639
38644
38738
38973
38885
41396
38688
51004
38929
38770
38639
38852
38716
38616
38783
38861
38908
38703
38931
38767
38676
38532
38652
38635
38632
38826
38832
38661
38647
38615
38722
38961
39210
38985
38647
38728
38747
38834
38949
38675
40298
38685
38873
38889
94663
38660
38608
38617
38656
