546695
546375
582549
545304
547149
568712
545953
547761
602654
547938
547591
564721
563707
546588
545151
547048
545187
546926
559769
544850
545785
544441
546497
546843
545414
543665
544861
585144
545627
546228
567407
547779
548157
568470
547219
545972
562831
546335
545009
547645
546042
546229
544751
545470
593661
544747
546217
545901
546612
542556
545858
548299
571093
544790
570222
546149
545007
545967
547182
544527
547286
544405
545586
545295
545275
543900
543468
567758
546907
547797
582899
545817
547724
564842
547396
547750
547650
547408
548196
547833
546531
545823
544896
544983
546058
546655
547125
548424
548330
546994
547444
547067
545153
544669
546074
541736
545889
545470
547318
547419
