88913
89305
89224
89020
89180
88868
88440
88422
88781
88545
88575
88630
88383
88629
88872
89174
88912
89103
89073
89260
88702
89017
88737
89417
89203
88944
89055
88749
89334
89082
89038
89312
88889
89119
89202
89085
88567
88728
88576
88462
88805
88533
88575
88174
88624
89112
88455
88731
88288
87840
88235
89210
88988
89286
89404
88507
89399
89570
88961
88314
89099
88160
88154
88476
88852
88691
88814
88166
88407
89166
88871
88724
88978
88526
88697
89510
88676
88770
89066
88908
88745
89140
89001
89141
89235
88870
88799
88638
88496
88978
88915
88754
140001
89152
88818
88921
88474
88696
88960
88681
