1768386
1764921
1837585
1786667
1834081
1804543
2121054
1785173
1764458
1858362
1781310
1859873
1815018
1769720
1765972
1799697
1764266
1911592
1786574
1768528
1815987
1767034
1770016
1816815
1768841
1764227
1790591
1767087
1766389
1805224
1766822
1801076
1814989
1766291
1798642
1769803
1764575
1794373
1764116
1765292
1786595
1765511
1769197
1786801
1767292
1806092
1783777
1771859
1803644
1765382
1764932
1804668
1748828
1805474
1790042
1769186
1796137
1769185
1769269
1793043
1766186
1770857
1789339
1771547
1807968
1781116
1764158
1802199
1769526
1767728
1788443
1782472
1803356
1797326
1766624
1790548
1765898
1763832
1781683
1770233
1766033
1783770
1768901
1798635
1766015
1783573
1795523
1765996
1764853
1784555
1770692
1767865
1789310
1768322
1809743
1783203
1766343
1802786
1766960
1746733
