197097
197158
197184
198611
197465
198649
198243
198446
198380
198274
216157
198644
198439
198275
199242
197534
197548
198021
198076
198620
198260
199608
198796
197294
197709
198063
197276
244508
196952
196905
198399
197202
198156
197899
197620
197535
198123
196874
198087
197790
212778
197442
197627
197591
197600
197967
197649
197597
197514
198741
236922
198223
199174
198018
198327
197664
197422
196908
197283
198192
197232
197994
196929
197385
197708
196610
198395
198814
198100
198987
198487
198674
198562
197083
215015
197636
197246
197254
196958
197000
197960
197214
197900
196884
196624
197617
196598
228797
196706
197744
197126
197291
198315
196572
196961
196556
197557
197778
198463
197757
