46122
46048
46258
46033
45853
46574
46207
42063
42353
42621
41785
41778
42516
42220
42172
41856
46863
41867
41755
42343
58315
42134
41943
42315
42072
42047
42153
41950
41591
41635
42195
42400
38910
38112
38127
38541
38179
38656
38558
38558
38517
28866
28665
28518
28768
23249
23146
23102
22997
23099
22954
23222
23053
23296
23182
23160
23053
23200
23083
23006
22867
22997
23034
23269
23291
23029
22888
22964
22918
22992
23252
23168
23075
22953
23041
23067
22948
23272
22971
22966
23543
23251
23133
23130
23451
22958
23026
23079
23135
23164
23183
23231
23506
22941
23249
23068
23273
22885
22893
23047
