350139
349036
351995
351894
350633
351502
350086
351986
350274
349846
350539
351002
350365
351199
350337
350749
351641
351812
349631
349842
349818
350189
351414
350143
349921
349740
349962
350418
349978
412807
349350
349479
349896
368234
350773
351261
351306
350617
351334
352000
362082
350629
350371
350478
351203
351234
350773
351059
389022
349723
350899
383797
350414
350971
350338
349390
350278
350533
350046
350970
350459
349571
373855
350812
350976
350324
350264
351521
349688
350380
350608
350882
348962
351320
350579
349908
350295
349564
349120
350535
384508
350011
351984
351239
351422
349673
349619
350183
350568
350468
352031
376916
351305
350139
350085
352037
350883
351007
350929
350673
