1070013
1091228
1069959
1116368
1068124
1091569
1069538
1106332
1076736
1068850
1062033
1058266
1059576
1059217
1090201
1057027
1088816
1057648
1076396
1057528
1060138
1060733
1063524
1069721
1072922
1101424
1067732
1258462
1071393
1085251
1072318
1081292
1070610
1106377
1058337
1060784
1068104
1068779
1100862
1071313
1116871
1068289
1068890
1068995
1068836
1069819
1070901
1100818
1067805
1087207
1069091
1099784
1067717
1069612
1069400
1069752
1070163
1068858
1068532
1068826
1091835
1068794
1083803
1066632
1123322
1071002
1070761
1067818
1068472
1068333
1069628
1077351
1067622
1093505
1070024
1081582
1068268
1068948
1066608
1070465
1069950
1069311
1086786
1108010
1103667
1069213
1092716
1066406
1070976
1093355
1058101
1058858
1083440
1079904
1060940
1087594
1059210
1057151
1059558
1106849
