1421521
1412291
1398335
1405671
1399084
1448554
1397117
1417393
1395282
1438992
1399192
1422019
1396983
1396991
1396139
1399056
1415699
1428814
1452336
1431386
1444454
1991992
1713024
2131838
1403718
1383259
1864695
2479454
1388581
1487871
1397111
1414319
1408208
1398128
1420374
1396319
1429109
1395007
1433624
1394246
1397047
1394418
1397209
1395461
1396919
1422289
1397323
1444273
1395630
1451928
1401832
1436515
1406918
1406092
1484125
1397222
1413321
1394289
1415919
1423757
1413798
1396978
1393701
1397813
1393749
1416911
1394929
1419848
1438435
1413598
1400652
1429673
1400116
1427238
1400792
1399334
1399234
1486631
1430691
1416558
1464500
1380501
1429278
1396107
1397760
1397172
1397221
1403734
1396319
1409812
1395612
1416386
1393518
1427216
1398190
1394227
1397145
1395793
1406088
1399368
