2209763
2189114
2176675
2217480
2236478
2210380
2157109
2202865
2196219
2157010
2157229
2187326
2176988
2157075
2155532
2205510
2194493
2181505
2285415
2219884
2197905
2186103
2182726
2294270
2191611
2180300
2218425
2198512
2180382
2323250
2217601
2211430
2187731
2179511
2216804
2203051
2183263
2184345
2211255
2203725
2182390
2223683
2219592
2197214
2180325
2222928
2204162
2180859
2315341
2214614
2218987
2186892
2181073
2237814
2206436
2178034
2180633
2214478
2210469
2204280
2186135
2213936
2199797
2292774
2183233
2201507
2203651
2160155
2212754
2208323
2182352
2156106
2262315
2202717
2179709
2179819
2211688
2202910
2185290
2180649
2208565
2200519
2182544
2292722
2319682
2194581
2180958
2186382
2211058
2195726
2182923
2228701
2217226
2279073
2155687
2214572
2212995
2179098
2304326
2890361
