786455
785299
786980
886005
777539
786078
787502
954535
899583
788963
858159
785115
787544
786695
787845
876552
841508
799829
789218
789498
809868
787332
786613
788221
787106
801745
778653
779065
787740
786917
788469
784170
785236
807215
787973
787715
787553
785841
803595
785672
790692
823161
785578
785100
776912
778449
796759
785017
786434
784736
786866
822893
784909
785378
784061
783210
783207
787097
786953
820494
786086
784836
787702
787778
819185
786101
786486
807694
787851
787453
787079
787657
818760
785137
785873
786699
785143
785958
779635
780970
823452
784896
786429
786139
784205
817560
786400
784863
810868
784641
786996
779709
778092
792294
786858
785630
785914
786821
813706
788498
