1000 2992.999973
1100 1993.999816
1200 2991.999965
1300 3990.000114
1400 3988.000099
1500 5030.000117
1600 4945.999943
1700 6978.999823
1800 7017.000113
1900 7945.000194
2000 8976.999670
2100 9007.999673
2200 10937.999934
2300 11967.999861
2400 13995.000161
2500 14961.999841
2600 15921.000391
2700 15992.999077
2800 18918.000162
2900 18946.999684
3000 21941.000596
3100 23935.999721
3200 22971.000522
3300 26929.000393
3400 26893.999428
3500 26961.000636
3600 27927.000076
3700 30915.999785
3800 31915.001571
3900 34908.000380
4000 35902.000964
4100 36866.001785
4200 39895.001799
4300 46911.001205
4400 43845.001608
4500 44914.998114
4600 45841.999352
4700 49901.999533
4800 52861.999720
4900 54848.998785
5000 55815.998465
5100 57847.999036
5200 60876.999050
5300 60832.999647
5400 62830.999494
5500 63800.998032
5600 66854.000092
5700 68810.001016
5800 69816.000760
5900 76756.998897
6000 88795.997202
6100 83778.001368
6200 85740.998387
6300 89789.003134
6400 93713.998795
6500 95778.003335
6600 96739.999950
6700 99701.002240
6800 101727.001369
6900 103761.002421
7000 103684.999049
7100 124678.999186
7200 126680.999994
7300 125631.004572
7400 125696.003437
7500 132611.006498
7600 133644.998074
7700 141618.996859
7800 134678.006172
7900 131611.004472
8000 137668.997049
8100 205412.998796
8200 167548.999190
8300 146607.995033
8400 146607.995033
8500 152594.000101
8600 154585.003853
8700 172537.997365
8800 187500.000000
8900 166555.002332
9000 181512.996554
9100 190491.005778
9200 201461.002231
9300 197468.996048
9400 189495.995641
9500 192485.004663
9600 199463.993311
9700 195478.007197
9800 201460.003853
9900 203456.997871
10000 208483.994007
