12978
8991
9014
8982
8916
8988
9200
8948
9332
9375
8961
8971
8922
8969
9014
8975
9055
8951
8983
8967
9040
8910
8987
8988
9026
8984
9072
8990
9046
8972
8976
8936
8934
9004
9000
9014
8905
8948
8951
9040
9009
9007
8992
8960
9005
8901
9031
9072
8961
9025
9037
9044
8940
8988
8959
9021
8946
9004
9250
9014
8986
9003
8935
8974
8941
9043
8990
8977
9607
8965
8931
8943
8949
9045
8976
9484
8944
8908
9029
8964
8964
8915
8937
9007
9437
9096
9017
9013
9375
8937
8934
8964
8957
9004
8936
8956
9006
8942
8920
8918
