6775
6832
6762
6771
9700
6796
6851
6838
11098
6788
6816
6812
6754
6804
6791
6843
6737
6688
6862
6890
6785
6808
6792
6864
6937
6702
6813
6804
6723
6789
6757
6795
6713
6803
6728
6950
6882
6740
6670
6728
6689
6773
6859
6798
6815
6737
6739
6706
6732
6748
6848
6833
6842
6758
6847
6827
6855
6721
6777
6742
6738
6827
6743
6830
6872
6812
6862
6755
6876
6751
6894
6720
6770
6747
6775
6746
6737
6851
6741
6789
6754
6781
6870
6890
6825
6837
6781
7222
7157
6757
6748
6954
6777
6830
6667
6819
6893
6837
6711
6742
