6750
6844
6800
6817
6835
6806
6712
6921
6834
6852
6787
6800
6814
6770
6828
6805
6789
6789
6781
6801
6897
6860
6827
6850
6721
6818
12118
6766
6749
6791
6803
6799
7162
6727
6792
6820
6758
6831
6842
6850
6784
6782
6762
6795
6876
6839
6881
6769
6799
6762
6788
6844
6801
6730
7009
6781
6826
6830
6849
6741
6837
6804
6845
6811
6901
6818
6858
6850
6930
7234
6861
6901
7145
6865
6829
7169
6799
6827
6802
6787
6816
6805
6731
6739
6870
6862
6803
7160
6772
6868
6840
15395
6820
6808
6759
6816
6839
6795
6758
6792
