5728
5621
5686
5640
5628
5709
5645
5680
5704
5669
5691
5715
5708
5582
5803
5758
5636
5801
5656
5679
5619
5784
5743
5747
5673
5754
5705
5759
6296
5687
9320
5662
5693
5697
5705
5726
5653
5718
5639
5694
5782
5699
5733
5742
5848
5813
5725
5669
5707
5705
5737
5747
5885
5690
5665
5727
5722
5714
7148
7119
7764
7529
5674
5726
5710
5685
5779
5616
5685
5739
5720
5757
5755
5759
5696
5617
5689
5650
5717
5686
5681
5766
5660
5687
5674
5696
5706
6035
5793
7513
5598
5849
5730
5656
5772
5730
5669
5803
5737
5756
