4571
4728
4578
4619
4628
4588
4564
4568
4641
4601
4543
4607
4632
4698
4610
4612
4599
4550
4570
4604
4672
4577
4665
4695
4553
4626
4605
4765
4679
4562
4690
4574
4643
4641
4655
4622
4686
4621
4621
4632
4552
4931
4568
4612
4613
4649
4608
4572
4650
4584
4607
4651
4556
4600
4671
4643
5062
4578
4611
4696
4591
4656
4648
4605
4545
4619
4570
4628
4649
4665
4584
4691
4566
4596
4645
4644
4670
4599
4676
4559
4622
4556
4755
4635
4649
4576
4603
4571
5005
4539
4631
4631
4642
4636
4791
4599
4599
4610
4580
4637
