5710
5670
5681
5718
5722
5629
5727
5723
5731
5635
5695
5796
5733
5743
5697
5710
5741
5689
5674
5677
5742
5667
5672
5806
5978
5766
5763
5689
5597
7607
5707
5715
5669
5710
5700
5685
5793
5703
5796
5683
5650
5725
5761
5683
5722
5764
5688
5646
5738
6016
5718
5758
5681
5691
5678
5654
5686
5698
5699
5748
5766
5663
5680
5664
5721
5728
5745
5776
5624
5700
5675
5685
5684
5646
5658
5673
5745
5709
5646
5692
5750
5764
5687
5802
5645
5733
5768
5691
5728
6101
5654
5682
5726
5698
5703
5671
5703
5662
5729
5820
