7920
7912
7914
7849
7947
7964
7891
7848
7963
7936
7980
7864
7875
7795
7848
7967
7937
7881
7815
7938
7923
8016
7896
7901
7907
7993
7943
7827
7939
7886
7889
7936
7957
8244
7994
7876
7928
7874
7936
12325
12477
7921
7881
7889
11638
7898
13824
13014
13635
12963
7996
7759
7875
7868
7829
7976
7932
8007
7822
7989
7930
12680
7913
7844
8011
8134
7846
7826
7913
8380
7839
8018
7970
7833
7896
7942
7849
7887
7840
7835
7929
10644
7749
7919
7912
7953
8349
7934
7891
7911
8054
7839
7877
7965
7860
8299
7894
7917
7913
7911
