2444
2392
2389
2417
2357
2458
2391
3519
2453
2400
2621
2440
2386
2661
2450
2456
2366
2492
2430
2320
3000
2396
2367
2404
2406
2418
2331
2429
2875
2393
2439
2419
2460
4241
2405
2419
2452
2363
2492
2535
2433
2417
2370
2393
2444
2370
2433
2419
3583
2438
2387
2433
2400
2447
2370
2469
2425
3621
2437
2430
2412
2430
2460
2364
2372
2550
2402
2463
2434
2396
2970
4732
2409
2453
2424
2382
2378
2506
2379
2426
2435
2375
2391
2398
2393
2401
2421
2434
2393
2435
2394
5787
2408
2410
2411
2497
4197
2452
2456
2371
