4710
4640
4679
4657
4592
4884
5070
4678
4483
4580
4666
4579
4594
4678
4565
4583
4588
4543
4672
4594
4593
4618
4526
4576
4664
4645
4566
4598
4579
4724
4572
4555
4578
4865
4561
4582
4537
4550
4625
4605
4578
4590
4648
4938
4635
4591
4578
4597
4585
4552
4620
4614
4651
4615
4644
4575
4702
7374
4637
4624
4607
4588
4671
4552
4616
4675
4639
4601
5031
4584
4622
4619
4527
4569
4520
4566
4558
4581
4580
4564
4671
4558
4590
4571
4599
4554
4586
4642
4610
4605
4589
4596
4506
4592
4664
4617
4551
4622
4585
4581
