3481
3824
3483
3532
3541
3476
3525
3549
3566
3502
3495
3504
3438
3444
3470
3515
3488
3487
3534
3562
3505
5738
3571
3506
3520
3554
3517
3458
3497
3896
3477
3490
3447
3500
3511
3610
3463
5094
3507
3538
3853
3516
3578
3565
3490
3446
3521
3499
3565
3544
3521
3482
3594
3547
3497
3526
3601
3560
3562
3528
3607
3507
3478
3478
3483
3521
3503
3541
3576
3605
3521
3514
3608
3473
3524
3564
3416
3546
3502
3575
3521
3543
3489
3537
3494
3495
3540
3502
3483
3462
3389
3493
3439
8288
3511
3464
3455
3539
3551
3470
