100 1390.95 13.9095 2268 1257 100 insertionB-100-100.txt
200 2566.06 25.6606 5787 2320 100 insertionB-100-200.txt
300 3610.17 36.1017 8288 3389 100 insertionB-100-300.txt
400 4631.82 46.3182 5062 4539 100 insertionB-100-400.txt
500 5840.54 58.4054 9320 5582 100 insertionB-100-500.txt
600 6970.85 69.7085 7234 12118 100 insertionB-100-600.txt
700 8345.33 83.4533 8380 10644 100 insertionB-100-700.txt
800 9303.08 93.0308 9524 12154 100 insertionB-100-800.txt
900 10271 102.71 9997 10007 100 insertionB-100-900.txt
1000 11524.7 115.247 27030 11078 100 insertionB-100-1000.txt
