2467
2485
2424
2419
2401
2407
2402
2431
2384
2359
2413
2499
2400
2392
2466
2390
2486
2412
2428
2367
2448
2409
2398
2447
2356
2408
2436
2415
2383
2430
2420
2418
2403
2387
2361
2431
2375
2477
2390
2432
2426
2422
2402
2454
2394
2480
2405
2386
2395
2399
2446
2437
2403
2450
2377
2401
2413
2414
2398
2365
2416
2397
2391
2380
2514
2371
2393
2442
2402
2357
2411
2412
2393
2378
2342
2400
2469
2822
2387
2449
2367
2401
2398
2394
2401
2466
2388
2381
2399
2387
2447
2418
2506
2398
2393
2433
2755
2397
2419
2437
