3614
3471
3557
3497
4944
3605
3495
3548
3461
3489
3581
3490
3551
3446
3533
3535
3586
3462
3502
3543
3504
3589
3526
3475
3548
3497
3451
3502
3485
3533
3439
3486
3430
3454
3437
3515
3535
3467
3488
3487
3484
3537
3469
3540
3522
3493
3522
3478
3553
3544
3501
3574
3550
3471
3485
3557
3469
3573
3504
3496
3524
3511
3477
3506
3483
3475
3484
3571
3554
3500
3497
3466
3513
3470
3561
3491
3477
3585
3646
3499
3487
3460
3569
3544
3523
3546
3466
3511
3519
3492
3521
3543
3496
3528
3563
3493
3465
3505
3457
3999
