10074
9998
10015
10173
10032
10146
10121
10032
10146
10038
10119
10062
10057
10127
10130
10157
10086
10002
10173
10159
10070
10027
10109
10065
10205
10112
10039
10156
10023
10094
10130
9972
10015
10050
10097
10010
10111
12510
10105
10020
10120
10081
10136
10054
10132
10078
10084
10047
10105
10071
10015
10335
10107
10060
10050
10115
10120
10123
9987
10042
10066
10086
9978
10064
10099
10093
10125
10045
10038
10068
10050
10071
9887
10162
10057
10118
10219
10208
10047
10101
10045
10093
10120
10070
10157
10011
10045
10100
10084
10038
10178
10146
10022
10088
10047
9969
10106
10110
10123
10086
