11221
11100
11139
11251
11144
11225
11306
11219
11168
11305
11223
11166
11296
11210
11172
11128
13584
11137
11283
11202
11271
11643
11263
11192
11152
11624
11126
11260
11219
11047
11204
11139
11249
11251
11081
11121
11138
11215
11175
11137
11177
11174
11259
11270
11246
11237
11204
11243
11179
11145
11109
11187
11176
11205
11246
11293
11207
11201
11177
11227
11104
11212
11249
11170
11151
11052
11356
11149
11111
11200
11396
11127
11086
11059
11136
11151
11208
11208
11199
11269
11133
11229
11207
11238
11170
11178
11210
11087
11163
11255
11134
11120
11191
11184
11110
11225
11087
11259
11274
11066
