1327
1308
1329
1538
1572
1596
2390
1528
1952
1933
1909
1844
1884
1876
1885
1849
1881
1867
1830
2903
1866
1856
1878
1906
1917
1897
1909
1832
2369
1925
1900
2816
1838
1872
1892
1841
1864
1853
1881
1887
1917
1869
1833
1912
1915
1444
1408
1459
1466
1396
1361
1311
1274
1289
1330
1274
1309
1292
1383
1292
1302
1251
1320
1290
1278
1275
1292
1278
1303
1307
1302
1307
1377
1244
1316
1326
1284
1313
1313
1378
1304
1315
1308
1299
1291
1299
1290
1275
1285
1291
1270
1284
1333
1384
1334
1309
1306
1333
1957
1279
