1313
1272
1309
1269
1310
1446
1311
1271
1723
1423
1315
1401
1356
1298
1308
1300
1406
1328
1312
1292
1344
1358
1329
1333
1362
1757
2086
1931
1976
1318
1331
1293
1308
1291
1292
1787
1295
1295
1407
1394
1325
1275
1336
1686
1310
1265
1312
1360
1356
1340
1318
1325
1331
1330
1307
1317
1303
1319
1310
1349
1366
1267
1299
1367
1318
1342
1300
1320
1335
1353
1332
1290
1325
1318
1300
1267
1290
1315
1333
1723
1762
1289
1991
1316
1905
2268
1320
1411
1301
1451
1342
1261
1295
1334
1257
1303
1286
1377
1328
1314
