7973
7814
7884
7986
7837
7903
7932
7813
7823
7869
7924
7918
8413
7892
8228
7921
7910
7850
7871
7904
7894
7838
7904
7915
7884
7850
7776
7904
7940
7934
7940
8183
7895
7807
7829
7881
7856
7896
7910
8022
8150
7837
7936
7809
7837
7963
7872
7998
7911
7891
7889
7964
7836
7870
7859
7811
7895
7899
7786
7827
7796
7735
7840
7872
7791
7927
7873
7870
7868
8237
7908
7950
7892
8422
7905
7856
7885
7943
7880
7873
7921
7844
7931
7914
7855
7861
7972
7934
7913
7949
7893
7858
7970
7924
7879
7900
7882
7835
7831
8112
