9026
9003
9324
9169
8944
8918
8932
12277
15275
9041
8989
9056
9048
8941
9241
9059
9041
9038
8921
8954
9084
9006
9045
9048
9400
8949
9040
9060
12601
9065
9097
8844
8976
13983
8970
9045
8993
9077
9343
8971
9001
8961
8990
8987
8998
8955
8936
9036
8989
9436
9051
8982
9104
8950
8938
9001
8978
9101
12154
9047
8954
9013
8954
8968
8923
9037
9050
8974
8993
9000
9039
8965
9019
8927
9015
9049
9027
9009
9041
8988
9524
8972
9000
9102
9075
9007
9016
8970
9000
9043
9335
9022
9052
8977
8910
8920
9063
15064
8941
8981
