11183
11204
11177
11112
11139
11169
11226
11103
11432
11224
14231
11453
11298
11238
11489
11277
11514
11201
11165
11188
11162
11170
11147
11096
11254
11227
11361
11078
11150
11167
11336
11147
11181
11218
11124
11229
11173
11133
11308
11293
11219
11218
11235
14807
11113
11171
11157
11296
11184
11410
11184
11177
11277
11176
11242
11311
11183
11157
11225
11531
11193
11274
11104
11292
11185
11248
11232
11098
27030
11097
11181
11668
11116
11108
11664
11168
11387
11252
11202
11231
11586
18061
11200
11271
11221
11236
11155
11263
11093
11278
11298
11588
11137
11138
11220
11173
11127
11120
11236
11090
