10139
10100
10081
9914
10007
10025
10071
10170
9923
10095
10121
10008
10161
10141
10176
10496
10042
10368
10087
17433
10124
10138
10013
9997
10091
10020
10082
10141
10169
10063
10067
10131
10088
10110
9992
10050
10048
10464
10169
10226
10482
10073
10047
10143
12819
10164
10070
10437
10374
10476
9981
10052
10100
10120
10072
10052
10163
10081
10067
10514
10041
10100
10144
10120
10085
10118
10044
10147
10112
10084
10139
10123
10179
10109
10007
14861
10117
10178
10117
10029
10114
10068
10011
10064
10038
10027
10138
10117
10098
10567
9927
10025
10071
10157
10173
10182
10137
10152
10069
10084
